function mpc = rts96_1
mpc.version = '2';
mpc.baseMVA = 100.0;
mpc.f = 60;
mpc.bus = [
%bus_i type       Pd          Qd           Gs         Bs    area      Vm           Va        baseKV  zone      Vmax         Vmin
    1    2      97.200      19.800       0.000       0.000    1     1.03913      -5.133        138    1       1.100       0.950
    2    2      87.300      18.000       0.000       0.000    1     1.03999      -5.252        138    1       1.100       0.950
    3    1     162.000      33.300       0.000       0.000    1     1.00417      -4.186        138    1       1.050       0.950
    4    1      66.600      13.500       0.000       0.000    1     1.01146      -8.512        138    1       1.050       0.950
    5    1      63.900      12.600       0.000       0.000    1     1.02906      -8.647        138    1       1.050       0.950
    6    1     122.400      25.200       0.000    -100.000    1     1.02807     -11.447        138    1       1.050       0.950
    7    2     112.500      22.500       0.000       0.000    1     0.98483     -16.956        138    1       1.100       0.950
    8    1     153.900      31.500       0.000       0.000    1     0.97633     -16.280        138    1       1.050       0.950
    9    1     157.500      32.400       0.000       0.000    1     1.01804      -7.539        138    1       1.050       0.950
   10    1     175.500      36.000       0.000       0.000    1     1.04352      -9.392        138    1       1.050       0.950
   11    1       0.000       0.000       0.000       0.000    1     1.02516      -2.654        230    1       1.050       0.950
   12    1       0.000       0.000       0.000       0.000    1     1.01781      -1.759        230    1       1.050       0.950
   13    3     238.500      48.600       0.000       0.000    1     1.04628      -0.079        230    1       1.100       0.950
   14    2     174.600      35.100       0.000       0.000    1     1.03759       0.648        230    1       1.100       0.950
   15    2     285.300      57.600       0.000       0.000    1     1.03258      12.111        230    1       1.100       0.950
   16    2      90.000      18.000       0.000       0.000    1     1.03528      11.019        230    1       1.100       0.950
   17    1       0.000       0.000       0.000       0.000    1     1.04636      15.692        230    1       1.050       0.950
   18    2     299.700      61.200       0.000       0.000    1     1.05351      17.142        230    1       1.100       0.950
   19    1     162.900      33.300       0.000       0.000    1     1.02743       9.125        230    1       1.050       0.950
   20    1     115.200      23.400       0.000       0.000    1     1.02950       9.203        230    1       1.050       0.950
   21    2       0.000       0.000       0.000       0.000    1     1.05326      17.847        230    1       1.100       0.950
   22    2       0.000       0.000       0.000       0.000    1     1.05484      23.453        230    1       1.100       0.950
   23    2       0.000       0.000       0.000       0.000    1     1.03345       9.920        230    1       1.100       0.950
   24    1       0.000       0.000       0.000       0.000    1     1.00070       6.099        230    1       1.050       0.950
];







mpc.gen = [
%bus         Pg         Qg         Qmax        Qmin          Vg  mBase status     Pmax         Pmin
    1      15.800      -1.392      10.000       0.000       1.039  100    1      20.000      15.800
    1      15.800      -1.392      10.000       0.000       1.039  100    1      20.000      15.800
    1      75.997      -1.392      30.000     -25.000       1.039  100    1      76.000      15.200
    1      75.997      -1.392      30.000     -25.000       1.039  100    1      76.000      15.200
    2      15.800       0.988      10.000       0.000       1.040  100    1      20.000      15.800
    2      15.800       0.988      10.000       0.000       1.040  100    1      20.000      15.800
    2      75.232       0.988      30.000     -25.000       1.040  100    1      76.000      15.200
    2      75.232       0.988      30.000     -25.000       1.040  100    1      76.000      15.200
    7      32.830      13.062      60.000       0.000       0.985  100    1     100.000      25.000
    7      32.830      13.062      60.000       0.000       0.985  100    1     100.000      25.000
    7      32.830      13.062      60.000       0.000       0.985  100    1     100.000      25.000
   13      68.950      59.179      80.000       0.000       1.046  100    1     197.000      68.950
   13      69.011      59.179      80.000       0.000       1.046  100    1     197.000      68.950
   13      69.011      59.179      80.000       0.000       1.046  100    1     197.000      68.950
   13       0.000       0.000     999.000    -999.000       1.046  100    1     999.000     999.000
   14       0.000     104.397     200.000     -50.000       1.038  100    1       0.000       0.000
   15       3.197       7.482       6.000       0.000       1.033  100    1      12.000       2.400
   15       3.197       7.482       6.000       0.000       1.033  100    1      12.000       2.400
   15       3.197       7.482       6.000       0.000       1.033  100    1      12.000       2.400
   15       3.197       7.482       6.000       0.000       1.033  100    1      12.000       2.400
   15       3.197       7.482       6.000       0.000       1.033  100    1      12.000       2.400
   15     155.000       7.482      80.000     -50.000       1.033  100    1     155.000      54.250
   16     118.117      61.646      80.000     -50.000       1.035  100    1     155.000      54.250
   18     399.540      95.300     200.000     -50.000       1.054  100    1     400.000     100.000
   21     397.804      43.316     200.000     -50.000       1.053  100    1     400.000     100.000
   22      50.000      -5.272      16.000     -10.000       1.055  100    1      50.000       0.000
   22      50.000      -5.272      16.000     -10.000       1.055  100    1      50.000       0.000
   22      50.000      -5.272      16.000     -10.000       1.055  100    1      50.000       0.000
   22      50.000      -5.272      16.000     -10.000       1.055  100    1      50.000       0.000
   22      50.000      -5.272      16.000     -10.000       1.055  100    1      50.000       0.000
   22      50.000      -5.272      16.000     -10.000       1.055  100    1      50.000       0.000
   23     145.755      -5.335      80.000     -50.000       1.033  100    1     155.000      54.250
   23     145.755      -5.335      80.000     -50.000       1.033  100    1     155.000      54.250
   23     266.161      -5.335     150.000     -25.000       1.033  100    1     350.000     140.000
];
